780 8 1
0.306 0.000 0.000 0.569 0.000 0.485 0.730 0.492 0.000
0.267 0.000 0.620 0.293 0.351 0.807 0.504 0.074 0.000
0.232 0.849 0.000 0.653 0.000 0.472 0.090 0.016 0.000
0.374 0.317 0.000 0.848 0.000 0.381 0.191 0.245 1.000
0.130 0.519 0.000 0.430 0.351 0.548 0.489 0.074 0.000
0.365 0.307 0.430 0.588 0.155 0.274 0.348 0.074 0.000
0.347 0.000 0.000 0.609 0.000 0.485 0.675 0.005 0.000
0.475 0.000 0.000 0.561 0.000 0.491 0.642 0.016 0.000
0.526 0.396 0.000 0.848 0.000 0.381 0.000 1.000 1.000
0.468 0.000 0.000 0.569 0.000 0.485 0.547 0.074 0.000
0.785 0.067 0.395 0.321 0.360 0.483 0.296 0.005 0.000
0.737 0.296 0.000 0.236 0.578 0.392 0.526 0.005 0.000
0.311 0.000 0.470 0.518 0.217 0.433 0.635 0.151 0.000
0.566 0.000 0.000 0.649 0.000 0.503 0.454 0.074 0.000
0.350 0.275 0.385 0.534 0.202 0.343 0.390 0.074 0.000
0.306 0.437 0.000 0.561 0.000 0.499 0.389 0.245 1.000
0.126 0.657 0.000 0.561 0.000 0.391 0.470 0.074 0.000
0.341 0.000 0.591 0.533 0.199 0.661 0.411 0.074 0.000
0.107 0.327 0.458 0.488 0.220 0.443 0.467 0.074 0.000
0.181 0.000 0.835 0.382 0.236 0.740 0.461 0.272 1.000
0.221 0.368 0.000 0.561 0.000 0.516 0.581 0.986 1.000
0.626 0.000 0.000 0.741 0.000 0.589 0.422 0.272 1.000
0.202 0.000 0.626 0.358 0.307 0.808 0.514 0.272 0.000
0.251 0.000 0.624 0.297 0.242 0.827 0.516 0.005 0.000
0.400 0.000 0.000 0.553 0.000 0.485 0.657 0.245 0.000
0.349 0.000 0.000 0.561 0.000 0.258 0.881 0.005 0.000
0.255 0.000 0.871 0.262 0.363 0.731 0.455 0.005 0.000
0.542 0.000 0.000 0.510 0.000 0.780 0.402 0.016 0.000
0.311 0.000 0.470 0.518 0.217 0.433 0.635 0.074 0.000
0.118 0.401 0.561 0.785 0.314 0.355 0.160 0.074 0.000
0.502 0.000 0.000 0.649 0.000 0.503 0.517 0.036 0.000
0.350 0.474 0.000 0.510 0.000 0.656 0.327 0.016 0.000
0.838 0.326 0.000 0.128 1.000 0.149 0.618 0.151 1.000
0.107 0.328 0.460 0.489 0.217 0.442 0.467 0.074 0.000
0.502 0.000 0.580 0.593 0.311 0.049 0.549 0.074 0.000
0.482 0.403 0.000 0.042 0.248 0.578 0.572 0.074 1.000
0.142 0.454 0.640 0.601 0.248 0.465 0.118 0.074 0.000
0.595 0.526 0.000 0.344 0.360 0.418 0.406 0.247 1.000
0.132 0.523 0.730 0.649 0.342 0.081 0.291 0.074 0.000
0.400 0.000 0.487 0.310 0.366 0.503 0.706 0.036 1.000
0.126 0.657 0.000 0.561 0.000 0.391 0.470 0.016 0.000
0.785 0.067 0.395 0.321 0.360 0.483 0.296 0.016 0.000
0.202 0.000 0.626 0.320 0.307 0.835 0.523 0.272 1.000
0.265 0.152 0.619 0.152 0.370 0.799 0.498 0.036 0.000
0.255 0.000 0.873 0.264 0.317 0.734 0.458 0.005 0.000
0.255 0.273 0.122 0.478 0.214 0.770 0.480 0.272 1.000
0.769 0.492 0.000 0.513 0.345 0.244 0.286 0.247 1.000
0.980 0.000 0.000 0.160 0.876 0.149 0.752 0.151 1.000
0.087 0.369 0.516 0.627 0.230 0.334 0.400 0.074 0.000
0.587 0.053 0.705 0.257 0.339 0.410 0.519 0.005 0.000
1.000 0.000 0.000 0.409 0.000 0.942 0.048 0.245 1.000
0.182 0.759 0.000 0.510 0.000 0.615 0.302 0.074 0.000
0.400 0.000 0.000 0.553 0.000 0.485 0.657 0.986 0.000
0.202 0.000 0.626 0.358 0.307 0.808 0.514 0.036 0.000
0.137 0.595 0.820 0.641 0.311 0.055 0.216 0.074 0.000
0.447 0.000 0.535 0.513 0.186 0.227 0.554 0.074 1.000
0.108 0.657 0.000 0.431 0.391 0.133 0.749 0.074 0.000
0.296 0.000 0.608 0.417 0.208 0.742 0.463 0.151 1.000
0.341 0.000 0.591 0.568 0.180 0.705 0.402 0.151 0.000
0.255 0.000 0.871 0.299 0.363 0.705 0.446 0.272 1.000
0.523 0.000 0.000 0.561 0.000 0.651 0.569 0.327 0.000
0.344 0.000 0.000 0.510 0.000 0.903 0.477 0.016 0.000
0.447 0.000 0.535 0.704 0.342 0.230 0.376 0.074 0.000
0.144 0.000 0.718 0.335 0.000 0.595 0.770 0.074 0.000
0.149 0.361 0.643 0.429 0.242 0.597 0.383 0.272 1.000
0.852 0.331 0.000 0.474 0.276 0.149 0.470 0.074 1.000
0.338 0.501 0.475 0.297 0.295 0.172 0.517 0.074 1.000
0.446 0.000 0.587 0.423 0.295 0.645 0.400 0.074 1.000
0.442 0.000 0.478 0.397 0.276 0.448 0.665 0.272 1.000
0.595 0.526 0.000 0.344 0.360 0.418 0.406 0.247 1.000
0.400 0.000 0.000 0.553 0.000 0.485 0.657 0.036 0.000
0.621 0.526 0.000 0.386 0.314 0.364 0.408 0.074 1.000
0.852 0.000 0.000 0.848 0.000 0.381 0.000 0.492 1.000
0.482 0.403 0.000 0.449 0.248 0.192 0.577 0.074 1.000
0.737 0.296 0.000 0.253 0.512 0.149 0.735 0.151 1.000
0.162 0.323 0.000 0.561 0.000 0.424 0.659 0.245 0.000
0.664 0.000 0.000 0.561 0.000 0.404 0.411 0.005 0.000
0.966 0.000 0.000 0.537 0.000 0.942 0.048 0.016 1.000
0.482 0.730 0.000 0.429 0.267 0.715 0.045 0.074 1.000
0.086 0.583 0.000 0.561 0.000 0.715 0.534 0.074 0.000
0.164 0.260 0.799 0.403 0.301 0.599 0.383 0.005 0.000
0.425 0.534 0.000 0.561 0.000 0.381 0.311 0.005 0.000
0.132 0.696 0.000 0.369 0.373 0.721 0.236 0.074 0.000
0.296 0.000 0.608 0.417 0.208 0.742 0.463 0.074 0.000
0.566 0.000 0.000 0.513 0.000 0.724 0.442 0.074 0.000
0.635 0.264 0.000 0.848 0.000 0.381 0.000 1.000 1.000
0.137 0.529 0.740 0.457 0.590 0.108 0.369 0.074 0.000
0.390 0.292 0.409 0.702 0.280 0.299 0.215 0.074 0.000
0.737 0.296 0.000 0.253 0.512 0.149 0.735 0.151 1.000
0.578 0.053 0.485 0.185 0.382 0.483 0.695 0.074 1.000
0.852 0.000 0.000 0.321 0.295 0.706 0.171 0.074 1.000
0.635 0.264 0.000 0.848 0.000 0.381 0.000 0.739 1.000
0.595 0.526 0.000 0.344 0.360 0.418 0.406 0.074 1.000
0.014 0.452 0.000 0.653 0.000 0.399 0.640 0.245 0.000
0.267 0.000 0.620 0.293 0.351 0.807 0.504 0.272 1.000
0.523 0.000 0.000 0.561 0.000 0.515 0.580 0.492 0.000
0.258 0.150 0.609 0.270 0.298 0.620 0.468 0.074 1.000
0.852 0.331 0.000 0.474 0.276 0.149 0.470 0.151 1.000
0.121 0.000 0.715 0.569 0.280 0.715 0.258 0.074 0.000
0.162 0.323 0.000 0.561 0.000 0.424 0.659 0.074 0.000
0.338 0.000 0.000 0.481 0.000 0.869 0.567 0.016 0.000
0.338 0.000 0.478 0.559 0.165 0.430 0.660 0.151 0.000
0.149 0.361 0.643 0.429 0.242 0.597 0.383 0.036 0.000
0.094 0.471 0.713 0.550 0.261 0.484 0.124 0.074 0.000
0.014 0.452 0.000 0.653 0.000 0.399 0.640 0.005 0.000
0.137 0.529 0.740 0.455 0.584 0.108 0.370 0.074 0.000
0.446 0.000 0.587 0.423 0.295 0.645 0.400 0.036 0.000
0.311 0.000 0.000 0.513 0.000 0.924 0.489 0.016 0.000
0.446 0.000 0.587 0.423 0.295 0.645 0.400 0.005 0.000
0.651 0.056 0.470 0.281 0.360 0.398 0.630 0.016 1.000
0.144 0.000 0.718 0.335 0.000 0.595 0.770 0.272 0.000
0.541 0.000 0.000 0.601 0.000 0.485 0.469 0.005 0.000
0.400 0.000 0.487 0.310 0.366 0.503 0.706 0.151 1.000
0.564 0.000 0.000 0.561 0.000 0.741 0.539 0.005 0.000
0.224 0.370 0.000 0.561 0.000 0.478 0.532 0.074 0.000
0.090 0.590 0.000 0.653 0.000 0.497 0.388 0.016 0.000
0.863 0.000 0.000 0.561 0.000 0.393 0.297 0.016 0.000
0.409 0.000 0.000 0.513 0.000 0.881 0.452 0.074 0.000
0.541 0.000 0.000 0.601 0.000 0.485 0.469 0.492 0.000
0.306 0.000 0.000 0.569 0.000 0.485 0.730 0.016 0.000
0.954 0.000 0.000 0.385 0.161 0.157 0.655 0.074 1.000
0.785 0.067 0.395 0.321 0.360 0.483 0.296 0.016 0.000
0.308 0.255 0.357 0.999 0.186 0.151 0.254 0.074 0.000
0.202 0.000 0.626 0.358 0.307 0.808 0.514 0.005 0.000
0.460 0.389 0.000 0.732 0.193 0.275 0.322 0.074 0.000
0.475 0.000 0.000 0.561 0.000 0.613 0.592 0.074 0.000
0.181 0.000 0.835 0.382 0.236 0.740 0.461 0.074 0.000
0.164 0.260 0.799 0.403 0.301 0.599 0.383 0.151 1.000
0.888 0.072 0.615 0.704 0.121 0.235 0.263 0.151 1.000
0.448 0.000 0.537 0.334 0.398 0.442 0.477 0.074 0.000
0.523 0.000 0.000 0.561 0.000 0.515 0.580 0.074 0.000
0.638 0.000 0.000 0.510 0.000 0.883 0.477 0.016 0.000
0.909 0.000 0.000 0.233 0.280 0.674 0.153 0.074 1.000
0.146 0.723 0.000 0.490 0.394 0.168 0.584 0.074 0.000
0.116 0.403 0.000 0.450 0.248 0.578 0.573 0.074 0.000
0.221 0.368 0.000 0.561 0.000 0.516 0.581 0.005 0.000
0.347 0.000 0.000 0.609 0.000 0.485 0.675 0.245 0.000
0.111 0.000 0.926 0.359 0.484 0.795 0.211 0.074 0.000
0.635 0.000 0.000 0.848 0.000 0.381 0.191 1.000 1.000
0.308 0.256 0.355 1.000 0.186 0.151 0.253 0.074 0.000
0.539 0.526 0.000 0.424 0.295 0.418 0.406 0.074 1.000
0.785 0.067 0.395 0.321 0.360 0.483 0.296 0.151 1.000
0.202 0.000 0.626 0.320 0.307 0.835 0.523 0.074 0.000
0.146 0.000 0.816 0.437 0.140 0.749 0.467 0.005 0.000
0.121 0.509 0.000 0.569 0.280 0.715 0.258 0.074 0.000
0.341 0.000 0.591 0.533 0.180 0.661 0.411 0.151 0.000
0.654 0.270 0.000 0.288 0.376 0.149 0.832 0.005 0.000
0.651 0.056 0.470 0.281 0.444 0.398 0.630 0.151 1.000
0.587 0.053 0.705 0.257 0.339 0.410 0.519 0.074 1.000
0.096 0.378 0.530 0.449 0.217 0.407 0.452 0.074 0.000
0.144 0.000 0.718 0.335 0.000 0.595 0.770 0.036 0.000
0.523 0.000 0.000 0.561 0.000 0.651 0.569 0.016 0.000
1.000 0.000 0.000 0.409 0.000 0.942 0.048 0.739 1.000
0.311 0.442 0.000 0.510 0.000 0.697 0.352 0.074 0.000
0.163 0.139 0.867 0.343 0.202 0.597 0.501 0.151 1.000
0.342 0.000 0.499 0.194 0.385 0.596 0.767 0.036 0.000
0.595 0.526 0.000 0.344 0.360 0.418 0.406 0.247 1.000
0.292 0.000 0.591 0.586 0.189 0.660 0.410 0.005 0.000
0.511 0.462 0.000 0.417 0.280 0.235 0.492 0.074 1.000
0.442 0.000 0.478 0.397 0.276 0.448 0.665 0.074 0.000
0.909 0.000 0.000 0.625 0.000 0.942 0.048 0.036 0.000
0.863 0.000 0.000 0.561 0.000 0.393 0.297 0.005 0.000
0.342 0.000 0.499 0.194 0.385 0.596 0.767 0.005 0.000
0.909 0.000 0.000 0.625 0.000 0.942 0.048 0.492 1.000
0.684 0.263 0.000 0.204 0.354 0.424 0.648 0.005 1.000
0.945 0.000 0.000 0.321 0.255 0.000 0.522 0.074 1.000
0.623 0.000 0.000 0.513 0.000 0.689 0.411 0.016 0.000
0.692 0.000 0.000 0.425 0.000 0.927 0.253 0.074 1.000
0.309 0.661 0.000 0.848 0.000 0.381 0.000 0.016 0.000
0.292 0.000 0.591 0.589 0.143 0.664 0.413 0.036 0.000
0.100 0.480 0.000 0.480 0.106 0.537 0.559 0.074 0.000
0.657 0.526 0.000 0.192 0.683 0.418 0.406 0.005 1.000
0.338 0.464 0.000 0.653 0.000 0.513 0.251 0.245 1.000
0.482 0.730 0.000 0.429 0.267 0.715 0.045 0.005 0.000
0.409 0.000 0.000 0.505 0.000 0.881 0.452 0.074 0.000
0.422 0.337 0.470 0.529 0.280 0.299 0.256 0.074 1.000
0.205 0.801 0.000 0.561 0.000 0.374 0.306 0.005 0.000
0.372 0.309 0.430 0.585 0.186 0.093 0.492 0.074 1.000
0.314 1.000 0.000 0.510 0.000 0.409 0.176 0.016 0.000
0.587 0.053 0.705 0.257 0.339 0.410 0.519 0.016 0.000
0.548 0.106 0.000 0.848 0.000 0.381 0.191 0.492 1.000
0.100 0.640 0.000 0.641 0.093 0.076 0.697 0.074 0.000
0.400 0.272 0.122 0.311 0.348 0.758 0.473 0.151 1.000
0.151 0.117 0.819 0.000 0.177 0.749 0.467 0.151 0.000
0.153 0.117 0.621 0.292 0.335 0.813 0.507 0.036 0.000
0.457 0.000 0.000 0.649 0.000 0.503 0.559 0.074 0.000
0.121 0.000 0.715 0.569 0.280 0.221 0.687 0.074 0.000
0.595 0.526 0.000 0.344 0.360 0.418 0.406 0.151 1.000
0.635 0.264 0.000 0.848 0.000 0.381 0.000 0.492 1.000
0.292 0.000 0.591 0.589 0.143 0.664 0.413 0.074 0.000
0.151 0.117 0.819 0.000 0.177 0.749 0.467 0.036 0.000
0.464 0.566 0.000 0.653 0.000 0.478 0.093 0.016 0.000
0.523 0.000 0.000 0.561 0.000 0.515 0.580 0.016 0.000
0.201 0.529 0.000 0.848 0.000 0.381 0.191 0.245 1.000
0.484 0.403 0.565 0.457 0.248 0.198 0.241 0.074 1.000
0.769 0.492 0.000 0.513 0.345 0.244 0.286 0.016 1.000
0.267 0.000 0.620 0.293 0.351 0.807 0.504 0.151 0.000
0.464 0.566 0.000 0.653 0.000 0.478 0.093 0.005 0.000
0.390 0.506 0.000 0.510 0.000 0.615 0.302 0.016 0.000
0.564 0.000 0.000 0.561 0.000 0.741 0.539 0.074 0.000
0.255 0.273 0.122 0.478 0.214 0.770 0.480 0.036 0.000
0.737 0.296 0.000 0.253 0.512 0.149 0.735 0.016 1.000
0.674 0.000 0.000 0.510 0.000 0.697 0.352 0.016 0.000
0.421 0.559 0.000 0.183 0.348 0.592 0.526 0.074 1.000
0.541 0.000 0.000 0.601 0.000 0.485 0.469 1.000 0.000
0.148 0.210 0.835 0.337 0.245 0.600 0.442 0.005 0.000
0.838 0.326 0.000 0.128 1.000 0.149 0.618 0.247 1.000
0.743 0.132 0.000 0.848 0.000 0.381 0.000 0.074 0.000
0.309 0.661 0.000 0.848 0.000 0.381 0.000 0.492 0.000
0.566 0.000 0.000 0.649 0.000 0.503 0.454 0.016 0.000
0.248 0.880 0.000 0.510 0.000 0.512 0.239 0.016 0.000
0.737 0.296 0.000 0.253 0.512 0.149 0.735 0.016 1.000
0.311 0.000 0.000 0.505 0.000 0.922 0.489 0.074 0.000
0.110 0.659 0.000 0.415 0.370 0.780 0.203 0.074 0.000
0.587 0.053 0.705 0.257 0.339 0.410 0.519 0.005 0.000
0.737 0.296 0.000 0.253 0.512 0.149 0.735 0.005 0.000
0.737 0.296 0.000 0.253 0.512 0.149 0.735 0.247 1.000
0.489 0.586 0.000 0.510 0.000 0.512 0.239 0.074 0.000
0.457 0.000 0.000 0.649 0.000 0.503 0.559 0.036 0.000
0.743 0.132 0.000 0.848 0.000 0.381 0.000 0.016 0.000
0.091 0.465 0.650 0.417 0.342 0.238 0.479 0.074 1.000
0.095 0.379 0.531 0.450 0.233 0.408 0.452 0.074 0.000
0.489 0.586 0.000 0.510 0.000 0.512 0.239 0.016 0.000
0.430 0.000 0.481 0.370 0.292 0.466 0.680 0.005 0.000
0.148 0.696 0.000 0.653 0.000 0.508 0.247 0.245 1.000
0.945 0.000 0.000 0.321 0.258 0.000 0.522 0.074 1.000
0.121 0.512 0.715 0.577 0.280 0.230 0.263 0.074 0.000
0.181 0.000 0.835 0.382 0.236 0.740 0.461 0.036 0.000
0.509 0.000 0.000 0.497 0.000 0.762 0.474 0.016 0.000
0.071 0.585 0.000 0.590 0.096 0.431 0.505 0.074 0.000
0.737 0.296 0.000 0.253 0.512 0.149 0.735 0.016 1.000
0.201 0.529 0.000 0.848 0.000 0.381 0.191 0.492 1.000
0.464 0.566 0.000 0.653 0.000 0.478 0.093 0.074 1.000
0.785 0.067 0.395 0.321 0.320 0.483 0.296 0.151 1.000
0.523 0.000 0.000 0.561 0.000 0.651 0.569 0.245 0.000
0.523 0.000 0.000 0.561 0.000 0.227 0.580 0.005 0.000
0.980 0.000 0.000 0.160 0.876 0.149 0.752 0.005 1.000
0.248 0.880 0.000 0.510 0.000 0.512 0.239 0.074 0.000
0.852 0.000 0.000 0.848 0.000 0.381 0.000 0.074 0.000
0.481 0.403 0.000 0.044 0.248 0.578 0.573 0.074 1.000
0.130 0.520 0.000 0.433 0.342 0.549 0.489 0.074 0.000
0.578 0.053 0.485 0.185 0.407 0.483 0.695 0.074 1.000
0.920 0.000 0.300 0.585 0.000 0.666 0.090 0.074 1.000
0.265 0.152 0.619 0.152 0.370 0.799 0.498 0.151 1.000
0.374 0.312 0.435 0.449 0.311 0.317 0.379 0.074 0.000
0.674 0.000 0.000 0.510 0.000 0.697 0.352 0.074 0.000
0.116 0.284 0.000 0.561 0.000 0.253 0.876 0.245 0.000
0.461 0.211 0.000 0.848 0.000 0.381 0.191 0.492 1.000
0.639 0.000 0.000 0.505 0.000 0.715 0.364 0.074 0.000
0.664 0.000 0.000 0.561 0.000 0.406 0.481 0.074 0.000
0.221 0.368 0.000 0.561 0.000 0.516 0.581 0.492 1.000
0.425 0.534 0.000 0.561 0.000 0.381 0.311 0.074 0.000
0.341 0.000 0.591 0.568 0.180 0.705 0.402 0.005 0.000
0.338 0.000 0.478 0.559 0.165 0.430 0.660 0.272 1.000
0.595 0.526 0.000 0.344 0.360 0.418 0.406 0.151 1.000
0.292 0.000 0.591 0.589 0.143 0.664 0.413 0.272 0.000
0.253 0.000 0.502 0.300 0.323 0.590 0.777 0.074 0.000
0.430 0.538 0.000 0.510 0.000 0.573 0.277 0.074 0.000
0.482 0.000 0.565 0.453 0.248 0.584 0.238 0.074 0.000
0.114 0.495 0.695 0.369 0.559 0.416 0.253 0.074 0.000
0.621 0.526 0.000 0.386 0.314 0.364 0.408 0.005 0.000
0.306 0.000 0.000 0.569 0.000 0.485 0.730 1.000 0.000
0.086 0.583 0.000 0.561 0.000 0.715 0.534 0.986 1.000
0.116 0.664 0.000 0.625 0.196 0.584 0.226 0.074 0.000
0.251 0.393 0.000 0.653 0.000 0.501 0.391 0.005 0.000
0.443 0.000 0.000 0.561 0.000 0.826 0.429 0.074 0.000
0.395 0.000 0.000 0.489 0.000 0.834 0.537 0.016 0.000
0.096 0.042 0.975 0.433 0.186 0.640 0.289 0.074 0.000
0.395 0.000 0.607 0.301 0.307 0.734 0.460 0.272 1.000
0.769 0.492 0.000 0.513 0.345 0.244 0.286 0.074 1.000
0.651 0.056 0.470 0.281 0.360 0.398 0.630 0.151 1.000
0.105 0.487 0.000 0.395 0.068 0.578 0.588 0.074 0.000
0.475 0.000 0.000 0.561 0.000 0.494 0.644 0.005 0.000
0.103 0.320 0.445 0.641 0.280 0.172 0.590 0.074 0.000
0.639 0.000 0.000 0.513 0.000 0.715 0.364 0.074 0.000
0.350 0.474 0.000 0.510 0.000 0.656 0.327 0.074 0.000
0.174 0.361 0.593 0.464 0.112 0.600 0.383 0.074 0.000
0.255 0.000 0.871 0.262 0.363 0.731 0.455 0.151 1.000
0.255 0.000 0.871 0.262 0.363 0.731 0.455 0.272 1.000
0.119 0.484 0.925 0.848 0.217 0.128 0.045 0.074 0.000
0.623 0.261 0.000 0.038 0.727 0.149 1.000 0.016 1.000
0.183 0.126 0.610 0.387 0.255 0.751 0.468 0.074 0.000
0.375 0.312 0.437 0.448 0.323 0.316 0.378 0.074 0.000
0.301 0.000 0.473 0.608 0.143 0.424 0.648 0.005 0.000
0.251 0.000 0.624 0.297 0.242 0.827 0.516 0.036 0.000
0.202 0.000 0.626 0.320 0.307 0.835 0.523 0.151 0.000
0.000 0.426 0.000 0.561 0.000 0.250 0.873 0.074 0.000
0.107 0.426 0.970 0.561 0.248 0.390 0.073 0.074 0.000
0.102 0.319 0.446 0.640 0.273 0.172 0.591 0.074 0.000
0.255 0.000 0.873 0.264 0.317 0.734 0.458 0.272 1.000
0.338 0.000 0.478 0.524 0.171 0.453 0.670 0.151 0.000
0.646 0.000 0.000 0.513 0.000 0.480 0.424 0.000 0.000
0.232 0.849 0.000 0.653 0.000 0.472 0.090 0.074 1.000
0.621 0.526 0.000 0.386 0.314 0.364 0.408 0.016 1.000
0.202 0.000 0.626 0.320 0.307 0.835 0.523 0.036 0.000
0.174 0.361 0.593 0.464 0.112 0.600 0.383 0.005 0.000
0.395 0.000 0.607 0.301 0.307 0.734 0.460 0.036 0.000
0.743 0.132 0.000 0.848 0.000 0.381 0.000 0.492 1.000
0.203 0.000 0.627 0.322 0.242 0.840 0.527 0.074 0.000
0.640 0.000 0.000 0.510 0.000 0.717 0.365 0.016 0.000
0.426 0.337 0.000 0.444 0.217 0.311 0.591 0.074 1.000
0.564 0.000 0.000 0.561 0.000 0.741 0.539 0.016 0.000
0.635 0.264 0.000 0.848 0.000 0.381 0.000 0.245 1.000
0.341 0.000 0.591 0.568 0.180 0.705 0.402 0.074 0.000
0.541 0.000 0.000 0.601 0.000 0.485 0.469 0.074 0.000
0.113 0.000 0.559 0.500 0.245 0.555 0.557 0.074 0.000
0.077 0.566 0.000 0.510 0.000 0.800 0.415 0.074 0.000
0.162 0.323 0.000 0.561 0.000 0.424 0.659 0.005 0.000
0.564 0.000 0.000 0.561 0.000 0.715 0.532 0.986 1.000
0.447 0.381 0.535 0.633 0.186 0.224 0.153 0.074 1.000
0.161 0.038 0.862 0.280 0.127 0.597 0.658 0.036 0.000
0.909 0.000 0.000 0.625 0.000 0.942 0.048 0.245 1.000
0.400 0.000 0.487 0.310 0.366 0.503 0.706 0.074 1.000
0.105 0.000 0.683 0.290 0.500 0.584 0.592 0.074 0.000
0.457 0.000 0.000 0.649 0.000 0.503 0.559 0.492 0.000
0.427 0.000 0.000 0.561 0.000 0.326 0.756 0.005 0.000
0.338 0.000 0.478 0.524 0.171 0.453 0.670 0.005 0.000
0.482 0.403 0.000 0.449 0.248 0.584 0.238 0.074 1.000
0.341 0.000 0.591 0.533 0.180 0.661 0.411 0.272 1.000
0.122 0.678 0.000 0.467 0.332 0.642 0.260 0.074 0.000
0.416 0.042 0.705 0.457 0.171 0.119 0.519 0.074 1.000
0.075 0.000 0.828 0.466 0.311 0.465 0.529 0.074 0.000
0.888 0.072 0.615 0.633 0.121 0.061 0.263 0.074 1.000
0.110 0.659 0.000 0.417 0.373 0.779 0.203 0.074 0.000
0.123 0.495 0.935 0.792 0.217 0.154 0.050 0.074 0.000
0.769 0.492 0.000 0.513 0.345 0.244 0.286 0.151 1.000
0.566 0.000 0.000 0.649 0.000 0.503 0.454 0.245 0.000
0.502 0.000 0.000 0.649 0.000 0.503 0.517 0.074 0.000
0.275 0.000 0.483 0.539 0.140 0.483 0.693 0.036 0.000
0.626 0.000 0.000 0.741 0.000 0.589 0.422 0.036 0.000
0.838 0.326 0.000 0.128 1.000 0.149 0.618 0.016 1.000
0.523 0.000 0.000 0.561 0.000 0.515 0.580 0.005 0.000
1.000 0.000 0.000 0.321 0.078 0.738 0.206 0.074 1.000
0.595 0.526 0.000 0.344 0.360 0.418 0.406 0.016 1.000
0.174 0.361 0.593 0.464 0.112 0.600 0.383 0.272 1.000
0.153 0.117 0.621 0.292 0.335 0.813 0.507 0.074 0.000
0.475 0.000 0.000 0.561 0.000 0.491 0.642 0.492 0.000
0.311 0.000 0.470 0.518 0.217 0.433 0.635 0.036 0.000
0.395 0.000 0.607 0.301 0.307 0.734 0.460 0.151 1.000
0.654 0.270 0.000 0.288 0.376 0.149 0.832 0.247 1.000
0.475 0.397 0.556 0.367 0.686 0.328 0.144 0.074 0.000
0.292 0.000 0.591 0.586 0.189 0.660 0.410 0.036 0.000
0.564 0.000 0.000 0.561 0.000 0.715 0.532 0.016 0.000
0.119 0.401 0.560 0.784 0.311 0.355 0.161 0.074 0.000
0.292 0.000 0.591 0.586 0.189 0.660 0.410 0.272 1.000
0.595 0.526 0.000 0.344 0.360 0.418 0.406 0.016 0.000
0.255 0.273 0.122 0.478 0.214 0.770 0.480 0.005 0.000
0.888 0.072 0.615 0.633 0.121 0.061 0.263 0.005 0.000
0.156 0.433 0.000 0.510 0.000 0.656 0.327 0.016 0.000
0.343 0.000 0.494 0.196 0.441 0.543 0.740 0.151 1.000
0.595 0.526 0.000 0.344 0.360 0.418 0.406 0.151 1.000
0.674 0.000 0.000 0.505 0.000 0.695 0.351 0.074 0.000
0.621 0.526 0.000 0.386 0.314 0.364 0.408 0.151 1.000
0.484 0.000 0.565 0.385 0.311 0.360 0.474 0.074 0.000
0.785 0.067 0.395 0.321 0.360 0.483 0.296 0.074 1.000
0.301 0.000 0.473 0.608 0.143 0.424 0.648 0.272 0.000
0.735 0.061 0.660 0.449 0.264 0.061 0.391 0.151 1.000
0.395 0.501 0.600 0.321 0.323 0.084 0.429 0.074 1.000
0.621 0.000 0.000 0.545 0.217 0.616 0.341 0.074 0.000
0.107 0.387 0.545 0.569 0.186 0.265 0.467 0.074 0.000
0.634 0.421 0.000 0.256 0.494 0.969 0.028 0.151 1.000
0.651 0.056 0.470 0.281 0.432 0.398 0.630 0.074 1.000
0.253 0.000 0.502 0.300 0.323 0.590 0.777 0.151 1.000
0.482 0.730 0.000 0.429 0.267 0.715 0.045 0.016 1.000
0.966 0.000 0.000 0.537 0.000 0.942 0.048 0.739 1.000
0.255 0.000 0.873 0.264 0.317 0.734 0.458 0.074 1.000
0.342 0.000 0.000 0.505 0.000 0.901 0.477 0.016 0.000
0.595 0.526 0.000 0.344 0.360 0.418 0.406 0.151 1.000
0.296 0.000 0.608 0.417 0.208 0.742 0.463 0.005 0.000
0.212 0.000 0.502 0.350 0.233 0.597 0.782 0.272 0.000
0.966 0.000 0.000 0.537 0.000 0.942 0.048 0.036 1.000
0.183 0.126 0.610 0.387 0.255 0.751 0.468 0.272 1.000
0.443 0.000 0.000 0.561 0.000 0.826 0.429 0.016 0.000
0.331 0.000 0.625 0.172 0.373 0.831 0.519 0.272 1.000
0.148 0.210 0.835 0.337 0.245 0.600 0.442 0.151 1.000
0.416 0.042 0.705 0.457 0.171 0.119 0.519 0.016 0.000
0.361 0.281 0.390 0.393 0.311 0.392 0.424 0.074 1.000
0.400 0.272 0.122 0.311 0.348 0.758 0.473 0.005 0.000
0.116 0.665 0.000 0.625 0.186 0.584 0.226 0.074 0.000
0.224 0.370 0.000 0.561 0.000 0.478 0.532 0.245 1.000
0.785 0.067 0.395 0.321 0.320 0.483 0.296 0.074 1.000
0.232 0.849 0.000 0.653 0.000 0.472 0.090 0.005 0.000
0.447 0.382 0.534 0.635 0.186 0.225 0.154 0.074 1.000
0.785 0.067 0.395 0.321 0.360 0.483 0.296 0.005 0.000
0.144 0.000 0.750 0.481 0.373 0.645 0.339 0.074 0.000
0.564 0.000 0.000 0.561 0.000 0.715 0.534 0.005 0.000
0.309 0.661 0.000 0.848 0.000 0.381 0.000 0.245 0.000
0.446 0.000 0.587 0.423 0.295 0.645 0.400 0.151 1.000
0.443 0.000 0.533 0.796 0.326 0.053 0.463 0.074 0.000
0.078 0.451 0.630 0.401 0.311 0.355 0.426 0.074 0.000
0.361 0.280 0.392 0.390 0.323 0.392 0.424 0.074 1.000
0.374 0.317 0.000 0.848 0.000 0.381 0.191 1.000 1.000
0.595 0.526 0.000 0.344 0.360 0.418 0.406 0.074 1.000
0.535 0.000 0.000 0.480 0.106 0.537 0.559 0.074 1.000
0.737 0.296 0.000 0.236 0.578 0.392 0.526 0.151 1.000
0.852 0.000 0.000 0.848 0.000 0.381 0.000 0.739 1.000
0.349 0.275 0.385 0.537 0.186 0.343 0.389 0.074 0.000
0.032 0.481 0.000 0.561 0.000 0.316 0.747 0.074 0.000
0.132 0.696 0.000 0.372 0.379 0.722 0.236 0.074 0.000
0.737 0.296 0.000 0.253 0.512 0.149 0.735 0.074 1.000
0.651 0.056 0.470 0.281 0.444 0.398 0.630 0.074 1.000
0.265 0.152 0.619 0.152 0.370 0.799 0.498 0.005 0.000
0.564 0.000 0.000 0.561 0.000 0.741 0.539 0.327 1.000
0.258 0.150 0.609 0.270 0.298 0.620 0.468 0.005 0.000
0.452 0.000 0.000 0.497 0.000 0.797 0.504 0.016 0.000
0.126 0.657 0.000 0.561 0.000 0.391 0.470 0.005 0.000
0.116 0.284 0.000 0.561 0.000 0.253 0.876 0.005 0.000
0.623 0.000 0.000 0.513 0.000 0.689 0.411 0.074 0.000
0.852 0.331 0.000 0.474 0.276 0.149 0.470 0.016 1.000
0.863 0.000 0.000 0.561 0.000 0.392 0.319 0.245 1.000
0.735 0.061 0.660 0.369 0.276 0.061 0.391 0.005 0.000
0.539 0.526 0.000 0.424 0.295 0.418 0.406 0.005 0.000
0.338 0.000 0.000 0.481 0.000 0.869 0.567 0.074 0.000
0.153 0.117 0.621 0.292 0.335 0.813 0.507 0.005 0.000
0.265 0.152 0.619 0.152 0.370 0.799 0.498 0.272 1.000
0.769 0.492 0.000 0.513 0.345 0.244 0.286 0.005 0.000
0.486 0.381 0.000 0.185 0.183 0.956 0.379 0.074 1.000
0.737 0.296 0.000 0.253 0.512 0.149 0.735 0.247 1.000
0.292 0.000 0.591 0.586 0.189 0.660 0.410 0.074 0.000
0.311 0.000 0.000 0.510 0.000 0.924 0.490 0.016 0.000
0.032 0.481 0.000 0.561 0.000 0.316 0.747 0.005 0.000
0.275 0.000 0.483 0.539 0.140 0.483 0.693 0.005 0.000
0.301 0.000 0.473 0.608 0.143 0.424 0.648 0.074 0.000
0.292 0.000 0.591 0.586 0.189 0.660 0.410 0.151 0.000
0.909 0.000 0.000 0.625 0.000 0.942 0.048 0.016 0.000
0.442 0.000 0.478 0.397 0.276 0.448 0.665 0.036 0.000
0.639 0.000 0.000 0.505 0.000 0.715 0.364 0.016 0.000
0.785 0.067 0.395 0.321 0.360 0.483 0.296 0.151 1.000
0.495 0.591 0.000 0.271 0.444 0.149 0.719 0.151 1.000
0.281 0.000 0.000 0.473 0.000 0.907 0.600 0.016 0.000
0.482 0.730 0.000 0.429 0.267 0.715 0.045 0.151 1.000
0.162 0.323 0.000 0.561 0.000 0.424 0.659 0.016 0.000
0.595 0.526 0.000 0.344 0.360 0.418 0.406 0.005 0.000
0.187 0.341 0.000 0.653 0.000 0.460 0.517 0.245 0.000
0.418 0.529 0.000 0.329 0.236 0.669 0.228 0.074 1.000
0.202 0.000 0.626 0.320 0.307 0.835 0.523 0.005 0.000
0.635 0.264 0.000 0.848 0.000 0.381 0.000 0.016 0.000
0.144 0.358 0.660 0.426 0.252 0.595 0.383 0.036 0.000
0.475 0.000 0.000 0.561 0.000 0.613 0.592 0.016 0.000
0.475 0.000 0.000 0.561 0.000 0.613 0.592 0.245 0.000
0.785 0.067 0.395 0.321 0.360 0.483 0.296 0.151 1.000
0.427 0.373 0.000 0.585 0.186 0.358 0.416 0.074 1.000
0.331 0.000 0.625 0.172 0.373 0.831 0.519 0.151 1.000
0.635 0.000 0.000 0.848 0.000 0.381 0.191 0.245 1.000
0.416 0.334 0.000 0.369 0.217 0.491 0.502 0.074 1.000
0.161 0.038 0.862 0.280 0.127 0.597 0.658 0.272 0.000
0.909 0.000 0.000 0.625 0.093 0.940 0.048 0.074 1.000
0.909 0.000 0.000 0.145 0.124 0.480 0.650 0.074 1.000
0.255 0.000 0.871 0.262 0.363 0.731 0.455 0.036 0.000
0.255 0.000 0.871 0.262 0.363 0.731 0.455 0.074 1.000
0.664 0.000 0.000 0.561 0.000 0.404 0.411 0.245 1.000
0.398 0.323 0.451 0.462 0.276 0.201 0.437 0.074 1.000
0.416 0.042 0.705 0.457 0.171 0.119 0.519 0.151 1.000
0.657 0.526 0.000 0.192 0.683 0.418 0.406 0.151 1.000
0.475 0.000 0.000 0.561 0.000 0.491 0.642 0.074 0.000
0.144 0.358 0.660 0.426 0.252 0.595 0.383 0.005 0.000
0.192 0.345 0.000 0.510 0.000 0.821 0.427 0.016 0.000
0.306 0.437 0.000 0.561 0.000 0.499 0.389 0.005 0.000
0.224 0.000 0.000 0.465 0.000 0.942 0.630 0.016 0.000
0.441 0.000 0.000 0.505 0.000 0.779 0.439 0.074 0.000
0.117 0.403 0.565 0.453 0.248 0.584 0.238 0.074 0.000
0.587 0.053 0.705 0.257 0.339 0.410 0.519 0.151 1.000
0.442 0.000 0.000 0.510 0.000 0.844 0.440 0.074 0.000
0.448 0.000 0.535 0.516 0.189 0.227 0.555 0.074 1.000
0.468 0.000 0.000 0.569 0.000 0.485 0.547 1.000 0.000
0.224 0.000 0.000 0.465 0.000 0.942 0.630 0.074 0.000
0.086 0.456 0.638 0.918 0.180 0.197 0.155 0.074 0.000
0.156 0.433 0.000 0.510 0.000 0.656 0.327 0.074 0.000
0.275 0.000 0.483 0.539 0.140 0.483 0.693 0.151 0.000
0.336 0.000 0.494 0.290 0.398 0.543 0.740 0.151 1.000
0.255 0.273 0.122 0.478 0.208 0.770 0.480 0.151 1.000
0.863 0.000 0.000 0.561 0.000 0.392 0.319 0.005 0.000
0.421 0.559 0.000 0.183 0.348 0.592 0.526 0.151 1.000
0.737 0.296 0.000 0.253 0.512 0.149 0.735 0.247 1.000
0.148 0.210 0.835 0.337 0.245 0.600 0.442 0.036 0.000
0.182 0.759 0.000 0.510 0.000 0.615 0.302 0.016 0.000
0.400 0.000 0.487 0.310 0.366 0.503 0.706 0.005 0.000
0.336 0.000 0.494 0.290 0.398 0.543 0.740 0.005 0.000
0.623 0.261 0.000 0.038 0.727 0.149 1.000 0.074 1.000
0.306 0.437 0.000 0.561 0.000 0.499 0.389 0.074 0.000
0.448 0.000 0.535 0.702 0.345 0.228 0.377 0.074 0.000
0.527 0.049 0.815 0.361 0.556 0.567 0.146 0.074 1.000
0.548 0.106 0.000 0.848 0.000 0.381 0.191 0.245 1.000
0.341 0.000 0.591 0.533 0.199 0.661 0.411 0.005 0.000
0.255 0.273 0.122 0.478 0.214 0.770 0.480 0.074 1.000
0.484 0.000 0.563 0.384 0.314 0.361 0.474 0.074 0.000
0.201 0.529 0.000 0.848 0.000 0.381 0.191 0.074 1.000
0.105 0.000 0.910 0.473 0.466 0.110 0.728 0.074 0.000
0.071 0.556 0.000 0.561 0.000 0.367 0.615 0.245 0.000
0.442 0.000 0.478 0.397 0.276 0.448 0.665 0.005 0.000
0.258 0.150 0.609 0.270 0.298 0.620 0.468 0.151 1.000
0.684 0.263 0.000 0.204 0.354 0.424 0.648 0.074 1.000
0.071 0.584 0.000 0.593 0.093 0.430 0.504 0.074 0.000
0.400 0.000 0.487 0.310 0.366 0.503 0.706 0.272 1.000
0.255 0.000 0.873 0.264 0.317 0.734 0.458 0.036 0.000
0.014 0.452 0.000 0.653 0.000 0.399 0.640 0.016 0.000
0.331 0.000 0.625 0.172 0.373 0.831 0.519 0.074 1.000
0.852 0.000 0.295 0.161 0.059 0.863 0.118 0.074 1.000
0.475 0.398 0.555 0.369 0.683 0.328 0.143 0.074 0.000
0.475 0.000 0.000 0.561 0.000 0.613 0.592 0.327 0.000
0.495 0.591 0.000 0.271 0.444 0.149 0.719 0.016 0.000
1.000 0.000 0.000 0.409 0.000 0.942 0.048 0.074 1.000
0.785 0.067 0.395 0.321 0.360 0.483 0.296 0.074 1.000
0.098 0.000 0.670 0.473 0.342 0.517 0.547 0.074 0.000
0.296 0.000 0.608 0.417 0.208 0.742 0.463 0.036 0.000
0.251 0.393 0.000 0.653 0.000 0.501 0.391 0.245 0.000
0.224 0.556 0.000 0.545 0.000 1.000 0.166 0.074 1.000
0.441 0.000 0.000 0.505 0.000 0.779 0.439 0.016 0.000
0.646 0.000 0.680 0.289 0.621 0.297 0.437 0.074 1.000
0.255 0.273 0.122 0.478 0.208 0.770 0.480 0.005 0.000
0.130 0.582 0.805 0.633 0.217 0.137 0.188 0.074 0.000
0.146 0.000 0.816 0.437 0.140 0.749 0.467 0.074 0.000
0.228 0.031 0.705 0.673 0.053 0.410 0.519 0.016 0.000
0.212 0.000 0.502 0.387 0.233 0.573 0.772 0.005 0.000
0.735 0.061 0.660 0.449 0.264 0.235 0.391 0.005 0.000
0.482 0.730 0.000 0.429 0.267 0.715 0.045 0.247 1.000
0.461 0.211 0.000 0.848 0.000 0.381 0.191 0.739 1.000
0.909 0.000 0.000 0.625 0.000 0.942 0.048 0.005 0.000
0.680 0.000 0.000 0.521 0.000 0.651 0.379 0.016 0.000
0.622 0.000 0.000 0.546 0.208 0.617 0.342 0.074 0.000
0.343 0.270 0.378 0.575 0.258 0.100 0.570 0.074 0.000
0.527 0.000 0.000 0.561 0.000 0.378 0.624 0.005 0.000
0.674 0.000 0.000 0.513 0.000 0.695 0.351 0.074 0.000
0.079 0.450 0.629 0.398 0.323 0.353 0.427 0.074 0.000
0.374 0.317 0.000 0.848 0.000 0.381 0.191 0.074 1.000
0.212 0.000 0.502 0.350 0.233 0.597 0.782 0.036 0.000
0.595 0.526 0.000 0.344 0.360 0.418 0.406 0.005 0.000
0.342 0.000 0.000 0.513 0.000 0.901 0.477 0.016 0.000
0.311 0.000 0.470 0.518 0.217 0.433 0.635 0.005 0.000
0.874 0.000 0.000 0.193 0.000 0.927 0.517 0.074 1.000
0.252 0.000 0.502 0.300 0.270 0.601 0.777 0.005 0.000
0.595 0.526 0.000 0.344 0.360 0.418 0.406 0.005 0.000
0.863 0.000 0.000 0.561 0.000 0.393 0.297 0.074 1.000
0.737 0.296 0.000 0.236 0.578 0.392 0.526 0.016 1.000
0.252 0.000 0.502 0.300 0.270 0.601 0.777 0.036 0.000
0.161 0.038 0.862 0.280 0.127 0.597 0.658 0.005 0.000
0.427 0.000 0.000 0.561 0.000 0.326 0.756 0.016 0.000
0.495 0.591 0.000 0.271 0.444 0.149 0.719 0.247 1.000
0.657 0.526 0.000 0.192 0.683 0.418 0.406 0.074 1.000
0.095 0.000 0.874 0.292 0.556 0.412 0.628 0.074 0.000
0.400 0.000 0.000 0.553 0.000 0.485 0.657 0.005 0.000
0.468 0.000 0.000 0.569 0.000 0.485 0.547 0.005 0.000
0.174 0.361 0.593 0.464 0.112 0.600 0.383 0.036 0.000
0.526 0.396 0.000 0.848 0.000 0.381 0.000 0.492 0.000
0.142 0.000 1.000 0.474 0.391 0.140 0.632 0.074 0.000
0.338 0.464 0.000 0.653 0.000 0.513 0.251 0.016 0.000
0.493 0.000 0.632 0.702 0.177 0.173 0.358 0.074 1.000
0.587 0.053 0.705 0.257 0.339 0.410 0.519 0.074 1.000
0.205 0.801 0.000 0.561 0.000 0.374 0.306 0.245 1.000
0.503 0.000 0.578 0.593 0.323 0.049 0.550 0.074 0.000
0.526 0.396 0.000 0.848 0.000 0.381 0.000 0.016 0.000
0.684 0.263 0.000 0.204 0.354 0.424 0.648 0.151 1.000
0.342 0.000 0.499 0.194 0.385 0.596 0.767 0.272 1.000
0.047 0.512 0.000 0.653 0.000 0.457 0.517 0.005 0.000
0.973 0.000 0.000 0.505 0.214 0.346 0.316 0.074 1.000
0.301 0.434 0.000 0.537 0.183 0.523 0.416 0.074 0.000
0.253 0.000 0.502 0.300 0.323 0.590 0.777 0.272 1.000
0.212 0.000 0.502 0.387 0.233 0.573 0.772 0.036 0.000
0.163 0.139 0.867 0.343 0.202 0.597 0.501 0.005 0.000
0.341 0.000 0.591 0.533 0.180 0.661 0.411 0.074 0.000
0.105 0.000 0.910 0.476 0.466 0.110 0.728 0.074 0.000
0.852 0.000 0.000 0.848 0.000 0.381 0.000 1.000 1.000
0.400 0.000 0.000 0.553 0.000 0.485 0.657 0.074 0.000
0.311 0.442 0.000 0.510 0.000 0.697 0.352 0.016 0.000
0.129 0.414 0.580 0.426 0.466 0.443 0.315 0.074 0.000
0.526 0.396 0.000 0.848 0.000 0.381 0.000 0.739 1.000
0.651 0.056 0.470 0.281 0.432 0.398 0.630 0.005 0.000
0.221 0.368 0.000 0.561 0.000 0.516 0.581 0.245 0.000
0.032 0.481 0.000 0.561 0.000 0.316 0.747 0.016 0.000
0.737 0.296 0.000 0.253 0.512 0.149 0.735 0.005 0.000
0.252 0.000 0.502 0.300 0.270 0.601 0.777 0.272 1.000
0.664 0.000 0.000 0.561 0.000 0.404 0.411 0.074 0.000
0.785 0.067 0.395 0.321 0.360 0.483 0.296 0.074 1.000
0.341 0.000 0.591 0.533 0.199 0.661 0.411 0.036 0.000
0.071 0.556 0.000 0.561 0.000 0.367 0.615 0.005 0.000
0.114 0.000 0.560 0.497 0.248 0.555 0.557 0.074 0.000
0.421 0.559 0.000 0.183 0.348 0.592 0.526 0.247 1.000
0.959 0.000 0.000 0.193 0.000 0.276 0.758 0.016 1.000
1.000 0.000 0.000 0.409 0.000 0.942 0.048 0.016 1.000
0.087 0.456 0.640 0.920 0.186 0.198 0.156 0.074 0.000
1.000 0.000 0.000 0.409 0.000 0.942 0.048 0.036 1.000
0.258 0.150 0.609 0.270 0.298 0.620 0.468 0.036 0.000
0.343 0.000 0.494 0.196 0.441 0.543 0.740 0.005 0.000
0.430 0.000 0.481 0.370 0.292 0.466 0.680 0.151 1.000
0.461 0.390 0.000 0.736 0.186 0.273 0.321 0.074 0.000
0.148 0.696 0.000 0.653 0.000 0.508 0.247 0.005 0.000
0.181 0.000 0.835 0.382 0.236 0.740 0.461 0.151 0.000
0.301 0.000 0.473 0.608 0.143 0.424 0.648 0.151 0.000
0.161 0.038 0.862 0.280 0.127 0.597 0.658 0.074 0.000
0.909 0.000 0.000 0.625 0.000 0.942 0.048 0.074 1.000
0.251 0.393 0.000 0.653 0.000 0.501 0.391 0.074 0.000
0.852 0.331 0.000 0.474 0.276 0.149 0.470 0.005 0.000
0.495 0.591 0.000 0.271 0.444 0.149 0.719 0.074 1.000
0.338 0.000 0.478 0.559 0.165 0.430 0.660 0.036 0.000
0.121 0.512 0.716 0.575 0.286 0.228 0.262 0.074 0.000
0.541 0.000 0.000 0.505 0.000 0.779 0.401 0.016 0.000
0.183 0.126 0.610 0.387 0.255 0.751 0.468 0.151 1.000
0.580 0.000 0.710 0.569 0.342 0.000 0.462 0.074 1.000
0.100 0.641 0.000 0.645 0.106 0.076 0.697 0.074 0.000
0.183 0.126 0.610 0.387 0.255 0.751 0.468 0.036 0.000
0.651 0.056 0.470 0.281 0.432 0.398 0.630 0.016 1.000
0.888 0.072 0.615 0.704 0.121 0.235 0.263 0.016 0.000
0.654 0.270 0.000 0.288 0.376 0.149 0.832 0.016 0.000
0.121 0.510 0.000 0.571 0.283 0.222 0.687 0.074 0.000
0.309 0.661 0.000 0.848 0.000 0.381 0.000 0.074 0.000
0.077 0.566 0.000 0.510 0.000 0.800 0.415 0.016 0.000
0.144 0.000 0.718 0.335 0.000 0.595 0.770 0.005 0.000
0.078 0.545 0.490 0.617 0.186 0.134 0.474 0.074 0.000
0.461 0.211 0.000 0.848 0.000 0.381 0.191 0.245 1.000
0.654 0.270 0.000 0.288 0.376 0.149 0.832 0.151 1.000
0.130 0.415 0.580 0.425 0.466 0.442 0.316 0.074 0.000
0.094 0.470 0.715 0.553 0.248 0.483 0.123 0.074 0.000
0.595 0.526 0.000 0.344 0.360 0.418 0.406 0.247 1.000
0.086 0.583 0.000 0.561 0.000 0.715 0.534 0.005 0.000
0.737 0.296 0.000 0.253 0.512 0.149 0.735 0.151 1.000
0.664 0.000 0.000 0.561 0.000 0.406 0.481 0.016 0.000
0.142 0.000 1.000 0.473 0.404 0.140 0.632 0.074 0.000
0.068 0.576 0.805 0.457 0.155 0.192 0.356 0.074 0.000
0.267 0.000 0.620 0.293 0.351 0.807 0.504 0.005 0.000
0.232 0.378 0.000 0.510 0.000 0.800 0.415 0.074 0.000
0.148 0.520 0.975 0.505 0.217 0.282 0.105 0.074 0.000
0.390 0.292 0.410 0.704 0.280 0.299 0.216 0.074 0.000
0.144 0.358 0.660 0.426 0.252 0.595 0.383 0.272 1.000
0.468 0.000 0.000 0.569 0.000 0.485 0.547 0.492 0.000
0.564 0.000 0.000 0.561 0.000 0.741 0.539 0.245 1.000
0.446 0.000 0.587 0.423 0.295 0.645 0.400 0.272 1.000
0.541 0.000 0.000 0.505 0.000 0.753 0.401 0.074 0.000
0.500 0.000 0.640 0.481 0.342 0.201 0.467 0.074 0.000
0.737 0.296 0.000 0.253 0.512 0.149 0.735 0.005 0.000
0.954 0.000 0.000 0.425 0.161 0.201 0.529 0.074 1.000
0.251 0.000 0.608 0.467 0.177 0.746 0.465 0.272 0.000
0.595 0.526 0.000 0.344 0.360 0.418 0.406 0.016 1.000
0.523 0.000 0.000 0.561 0.000 0.515 0.580 0.245 0.000
0.212 0.000 0.502 0.350 0.233 0.597 0.782 0.005 0.000
0.640 0.000 0.000 0.510 0.000 0.717 0.365 0.074 0.000
0.309 0.661 0.000 0.848 0.000 0.381 0.000 1.000 0.000
0.735 0.061 0.660 0.369 0.276 0.061 0.391 0.016 1.000
0.212 0.000 0.502 0.387 0.233 0.573 0.772 0.151 1.000
0.311 0.000 0.470 0.518 0.217 0.433 0.635 0.272 1.000
0.232 0.378 0.000 0.510 0.000 0.800 0.415 0.016 0.000
0.252 0.000 0.502 0.300 0.270 0.601 0.777 0.151 1.000
0.146 0.000 0.816 0.437 0.140 0.749 0.467 0.151 0.000
0.255 0.000 0.871 0.299 0.363 0.705 0.446 0.074 1.000
0.651 0.056 0.470 0.281 0.360 0.398 0.630 0.074 1.000
0.090 0.590 0.000 0.653 0.000 0.497 0.388 0.074 0.000
0.623 0.261 0.000 0.038 0.727 0.149 1.000 0.005 0.000
0.130 0.663 0.000 0.510 0.000 0.697 0.352 0.016 0.000
0.595 0.526 0.000 0.344 0.360 0.418 0.406 0.005 0.000
0.221 0.368 0.000 0.561 0.000 0.516 0.581 0.016 0.000
0.255 0.000 0.871 0.299 0.363 0.705 0.446 0.151 1.000
0.255 0.273 0.122 0.478 0.208 0.770 0.480 0.036 0.000
0.096 0.000 0.875 0.289 0.559 0.413 0.627 0.074 0.000
0.347 0.000 0.000 0.609 0.000 0.485 0.675 0.492 0.000
0.639 0.000 0.000 0.513 0.000 0.901 0.477 0.016 0.000
0.445 0.000 0.000 0.513 0.000 0.695 0.351 0.016 0.000
0.580 0.331 0.000 0.305 0.280 0.756 0.158 0.074 1.000
0.163 0.139 0.867 0.343 0.202 0.597 0.501 0.036 0.000
0.232 0.849 0.000 0.653 0.000 0.472 0.090 0.245 1.000
0.638 0.000 0.000 0.510 0.000 0.883 0.477 0.074 0.000
0.395 0.000 0.000 0.489 0.000 0.834 0.537 0.074 0.000
0.523 0.000 0.000 0.561 0.000 0.651 0.569 0.074 0.000
0.151 0.117 0.819 0.000 0.177 0.749 0.467 0.074 0.000
0.502 0.415 0.000 0.513 0.248 0.436 0.289 0.074 1.000
0.163 0.139 0.867 0.343 0.202 0.597 0.501 0.272 1.000
0.390 0.000 0.450 0.617 0.342 0.378 0.421 0.074 0.000
0.086 0.583 0.000 0.561 0.000 0.715 0.534 0.492 1.000
0.349 0.000 0.000 0.561 0.000 0.258 0.881 0.074 0.000
0.425 0.534 0.000 0.561 0.000 0.381 0.311 0.016 0.000
0.852 0.000 0.000 0.848 0.000 0.381 0.000 0.245 1.000
0.548 0.106 0.000 0.848 0.000 0.381 0.191 0.739 1.000
0.400 0.000 0.000 0.553 0.000 0.485 0.657 0.492 0.000
0.306 0.000 0.000 0.577 0.000 0.485 0.730 0.245 0.000
0.684 0.263 0.000 0.204 0.354 0.424 0.648 0.247 1.000
0.888 0.072 0.615 0.633 0.121 0.061 0.263 0.016 0.000
0.344 0.000 0.000 0.510 0.000 0.903 0.477 0.074 0.000
0.148 0.696 0.000 0.653 0.000 0.508 0.247 0.016 0.000
0.526 0.396 0.000 0.848 0.000 0.381 0.000 0.074 0.000
0.442 0.000 0.000 0.510 0.000 0.844 0.440 0.016 0.000
0.132 0.356 0.610 0.481 0.199 0.067 0.715 0.074 0.000
0.634 0.421 0.000 0.256 0.494 0.969 0.028 0.074 1.000
0.203 0.000 0.627 0.322 0.242 0.840 0.527 0.151 0.000
0.148 0.210 0.835 0.337 0.245 0.600 0.442 0.272 1.000
0.096 0.473 0.665 0.561 0.248 0.038 0.529 0.074 0.000
0.566 0.000 0.000 0.649 0.000 0.503 0.454 0.492 0.000
0.087 0.370 0.515 0.625 0.217 0.334 0.399 0.074 0.000
0.461 0.211 0.000 0.848 0.000 0.381 0.191 0.074 1.000
0.149 0.361 0.643 0.429 0.242 0.597 0.383 0.151 1.000
0.281 0.000 0.000 0.473 0.000 0.907 0.600 0.074 0.000
0.427 0.000 0.000 0.561 0.000 0.326 0.756 0.074 0.000
0.421 0.559 0.000 0.183 0.348 0.592 0.526 0.005 0.000
0.785 0.067 0.395 0.321 0.360 0.483 0.296 0.005 0.000
0.342 0.000 0.000 0.505 0.000 0.901 0.477 0.074 0.000
0.100 0.481 0.000 0.481 0.093 0.538 0.559 0.074 0.000
0.205 0.801 0.000 0.561 0.000 0.374 0.306 0.016 0.000
0.527 0.000 0.000 0.561 0.000 0.378 0.624 0.016 0.000
0.909 0.000 0.000 0.625 0.000 0.942 0.048 0.000 0.000
0.966 0.000 0.000 0.537 0.000 0.942 0.048 0.074 1.000
0.336 0.000 0.494 0.290 0.398 0.543 0.740 0.272 1.000
0.566 0.000 0.000 0.649 0.000 0.503 0.454 0.151 0.000
0.267 0.000 0.620 0.293 0.351 0.807 0.504 0.036 0.000
0.406 0.359 0.502 0.404 0.295 0.070 0.529 0.074 1.000
0.341 0.000 0.591 0.533 0.180 0.661 0.411 0.036 0.000
0.737 0.296 0.000 0.253 0.512 0.149 0.735 0.074 1.000
0.863 0.000 0.000 0.561 0.000 0.393 0.297 0.245 1.000
0.292 0.000 0.591 0.589 0.143 0.664 0.413 0.151 0.000
0.482 0.448 0.000 0.449 0.311 0.337 0.414 0.074 1.000
0.116 0.403 0.000 0.449 0.248 0.578 0.572 0.074 0.000
0.980 0.000 0.000 0.160 0.876 0.149 0.752 0.016 1.000
0.425 0.534 0.000 0.561 0.000 0.381 0.311 0.245 1.000
0.651 0.056 0.470 0.281 0.444 0.398 0.630 0.016 0.000
0.639 0.000 0.000 0.513 0.000 0.715 0.364 0.016 0.000
0.475 0.397 0.000 0.368 0.311 0.329 0.527 0.074 1.000
0.603 0.520 0.000 0.553 0.217 0.067 0.409 0.074 1.000
0.331 0.000 0.625 0.172 0.373 0.831 0.519 0.036 1.000
0.743 0.132 0.000 0.848 0.000 0.381 0.000 0.739 1.000
0.271 0.410 0.000 0.510 0.000 0.738 0.377 0.016 0.000
0.427 0.372 0.000 0.584 0.171 0.358 0.417 0.074 1.000
0.797 0.000 0.000 0.345 0.351 0.666 0.379 0.074 1.000
0.032 0.481 0.000 0.561 0.000 0.316 0.747 0.245 0.000
0.548 0.106 0.000 0.848 0.000 0.381 0.191 1.000 1.000
0.224 0.370 0.000 0.561 0.000 0.478 0.532 0.016 0.000
0.502 0.000 0.000 0.649 0.000 0.503 0.517 0.492 0.000
0.737 0.296 0.000 0.253 0.512 0.149 0.735 0.074 1.000
0.342 0.000 0.000 0.505 0.000 0.901 0.477 0.074 0.000
0.343 0.000 0.494 0.196 0.441 0.543 0.740 0.074 1.000
0.253 0.000 0.502 0.300 0.323 0.590 0.777 0.005 0.000
0.255 0.000 0.871 0.299 0.363 0.705 0.446 0.036 0.000
0.566 0.000 0.000 0.513 0.000 0.724 0.442 0.016 0.000
0.288 0.952 0.000 0.510 0.000 0.450 0.201 0.074 0.000
0.464 0.566 0.000 0.653 0.000 0.478 0.093 0.245 1.000
0.564 0.000 0.000 0.561 0.000 0.715 0.532 0.074 0.000
0.151 0.117 0.819 0.000 0.177 0.749 0.467 0.005 0.000
0.664 0.000 0.000 0.561 0.000 0.406 0.481 0.245 1.000
0.427 0.000 0.000 0.561 0.000 0.326 0.756 0.245 0.000
0.503 0.413 0.000 0.511 0.264 0.436 0.290 0.074 1.000
0.068 0.575 0.804 0.456 0.171 0.192 0.355 0.074 0.000
0.149 0.361 0.643 0.429 0.242 0.597 0.383 0.005 0.000
0.099 0.000 0.894 0.638 0.242 0.067 0.689 0.074 0.000
0.626 0.000 0.000 0.741 0.000 0.589 0.422 0.151 0.000
0.646 0.000 0.000 0.513 0.000 0.480 0.424 0.016 0.000
0.452 0.000 0.599 0.716 0.307 0.224 0.335 0.074 0.000
0.423 0.335 0.469 0.526 0.286 0.301 0.256 0.074 1.000
0.400 0.325 0.455 0.550 0.217 0.423 0.180 0.074 1.000
0.743 0.132 0.000 0.848 0.000 0.381 0.000 0.245 1.000
0.511 0.000 0.690 0.617 0.342 0.000 0.497 0.074 1.000
0.564 0.000 0.000 0.561 0.000 0.715 0.532 0.005 0.000
0.684 0.263 0.000 0.204 0.354 0.424 0.648 0.016 1.000
0.482 0.403 0.000 0.453 0.248 0.192 0.577 0.074 1.000
0.306 0.000 0.000 0.577 0.000 0.485 0.730 0.074 0.000
0.149 0.361 0.643 0.429 0.242 0.597 0.383 0.074 1.000
0.121 0.000 0.714 0.571 0.283 0.716 0.258 0.074 0.000
0.086 0.583 0.000 0.561 0.000 0.715 0.534 0.245 0.000
0.275 0.000 0.483 0.539 0.140 0.483 0.693 0.074 0.000
0.522 0.472 0.000 0.584 0.252 0.029 0.523 0.074 1.000
0.343 0.000 0.494 0.196 0.441 0.543 0.740 0.036 1.000
0.400 0.272 0.122 0.311 0.348 0.758 0.473 0.036 1.000
0.511 0.463 0.000 0.417 0.276 0.234 0.492 0.074 1.000
0.646 0.000 0.000 0.513 0.000 0.480 0.424 0.036 0.000
0.187 0.239 0.950 0.728 0.186 0.355 0.073 0.074 0.000
0.541 0.000 0.000 0.601 0.000 0.485 0.469 0.016 0.000
0.523 0.473 0.000 0.585 0.248 0.029 0.522 0.074 1.000
0.203 0.000 0.627 0.322 0.242 0.840 0.527 0.272 1.000
0.116 0.403 0.565 0.449 0.248 0.192 0.577 0.074 0.000
0.306 0.000 0.000 0.577 0.000 0.485 0.730 0.005 0.000
0.336 0.000 0.494 0.290 0.398 0.543 0.740 0.036 0.000
0.251 0.000 0.608 0.467 0.177 0.746 0.465 0.151 0.000
0.416 0.042 0.705 0.457 0.171 0.119 0.519 0.005 0.000
0.123 0.676 0.000 0.465 0.342 0.642 0.261 0.074 0.000
0.341 0.000 0.591 0.533 0.199 0.661 0.411 0.272 1.000
0.075 0.000 0.830 0.465 0.311 0.465 0.529 0.074 0.000
0.523 0.000 0.000 0.561 0.000 0.515 0.580 0.986 1.000
0.657 0.526 0.000 0.192 0.683 0.418 0.406 0.247 1.000
0.430 0.000 0.481 0.370 0.292 0.466 0.680 0.074 0.000
0.106 0.388 0.543 0.566 0.189 0.266 0.467 0.074 0.000
0.363 0.278 0.390 0.633 0.280 0.183 0.419 0.074 0.000
0.164 0.260 0.799 0.403 0.301 0.599 0.383 0.036 0.000
0.107 0.657 0.000 0.433 0.404 0.134 0.750 0.074 0.000
0.646 0.000 0.000 0.513 0.000 0.480 0.424 0.074 0.000
0.374 0.317 0.000 0.848 0.000 0.381 0.191 0.492 1.000
0.137 0.576 0.860 0.752 0.311 0.061 0.110 0.074 0.000
